The MST weight is -885636
	1 ----> 414( 3655 )397( -5942 )324( -1612 )316( 569 )310( 9791 )244( 6723 )171( 8358 )132( -151 )2( 6807 )
	2 ----> 309( -7230 )173( -7751 )157( 1036 )104( -8744 )39( 907 )25( 6267 )3( -8874 )
	3 ----> 482( -1048 )353( 9242 )303( 5310 )231( -494 )144( -9056 )136( -4218 )110( 504 )91( -8754 )4( -1055 )
	4 ----> 423( 6365 )388( 5176 )364( -8897 )284( 8282 )266( 1686 )247( 2557 )93( -2804 )82( -6069 )77( -3033 )43( 566 )5( 4414 )
	5 ----> 153( 8816 )122( 722 )6( 1728 )
	6 ----> 343( 154 )297( -3253 )73( 7693 )15( -1593 )7( -2237 )
	7 ----> 451( 7495 )416( -5246 )314( -1756 )103( 8257 )8( -7507 )
	8 ----> 432( 2206 )359( 2771 )318( -4261 )294( -4333 )194( -507 )162( 7179 )124( -5969 )9( 7990 )
	9 ----> 495( 5260 )307( -4003 )250( -1984 )17( -3864 )10( -5012 )
	10 ----> 390( -8598 )330( 7863 )168( 4271 )114( 223 )11( 7353 )
	11 ----> 469( 6195 )176( -9470 )69( 171 )43( 4323 )12( -6736 )
	12 ----> 277( 6273 )20( -686 )13( -7604 )
	13 ----> 486( 7432 )164( -1175 )152( 4272 )61( 5960 )24( -9600 )14( 5273 )
	14 ----> 492( 5070 )396( 909 )359( 9452 )276( 7321 )219( -9493 )209( 9744 )64( -1515 )15( 9331 )
	15 ----> 496( 783 )365( -9352 )302( 9956 )287( 3395 )242( -1132 )220( -8415 )211( -290 )87( -1165 )16( -7753 )
	16 ----> 369( -1699 )275( -7206 )248( 6820 )110( 221 )93( 4136 )49( 2410 )17( -4370 )
	17 ----> 432( -2484 )427( 7949 )376( 5972 )317( 2595 )272( 5930 )248( 5899 )212( 7481 )185( 5372 )92( 4535 )69( -1754 )35( -2706 )18( 267 )
	18 ----> 451( 6558 )433( -9810 )279( 2815 )241( 3362 )19( 903 )
	19 ----> 474( -590 )367( -5912 )335( -7787 )328( -8231 )240( -4667 )20( 7674 )
	20 ----> 385( 904 )336( -1814 )307( 1045 )278( 7668 )237( -3298 )207( -9098 )129( 356 )115( -7690 )21( 5436 )
	21 ----> 352( 1462 )285( 6656 )185( 6092 )175( 1947 )167( 3714 )22( 9479 )
	22 ----> 479( -2180 )416( -4591 )237( -508 )208( -7025 )156( -9282 )101( -9660 )85( -9225 )63( -7119 )46( 8371 )23( 9432 )
	23 ----> 198( 3114 )117( 7541 )24( 4472 )
	24 ----> 348( 48 )297( 3760 )268( 5400 )89( 401 )42( 5136 )25( 7258 )
	25 ----> 328( 4495 )315( 1949 )288( -3078 )281( -2140 )278( 6246 )26( 8709 )
	26 ----> 436( 2275 )432( 4115 )366( -7642 )322( -560 )260( -6981 )226( -6114 )94( 6394 )80( 3206 )27( 4358 )
	27 ----> 372( 69 )189( 3311 )99( 6073 )30( 2964 )28( -6775 )
	28 ----> 496( 843 )458( -9550 )284( 8488 )260( 5134 )192( -2679 )93( 1885 )29( 68 )
	29 ----> 142( -5099 )83( 1029 )66( 7663 )61( -9929 )30( -2849 )
	30 ----> 490( -5396 )373( -5022 )324( -9689 )288( 8221 )31( -9951 )
	31 ----> 475( 5263 )443( -1030 )414( -2222 )272( 1807 )267( -1337 )232( 2075 )221( 7268 )156( -9373 )107( -9611 )70( 5151 )32( -8643 )
	32 ----> 462( 2102 )443( -4981 )433( -4768 )376( -5448 )333( -5050 )213( 4162 )33( -4010 )
	33 ----> 413( 7099 )392( 2279 )301( -7033 )147( -865 )102( 3685 )34( -4667 )
	34 ----> 456( -5727 )439( 2083 )417( 6302 )375( 3935 )357( 1218 )268( 9651 )211( 8366 )169( -9727 )35( -5829 )
	35 ----> 493( 3571 )362( 8945 )315( 6631 )225( -9215 )36( -5222 )
	36 ----> 497( -5712 )301( 2079 )292( -6348 )178( 6305 )62( -1242 )37( -7609 )
	37 ----> 476( 4790 )303( -562 )38( 3054 )
	38 ----> 471( 3819 )456( -4670 )395( 7492 )388( -7439 )376( 247 )373( -6005 )365( 6473 )267( 8612 )246( 3710 )235( -1218 )179( 2305 )126( -761 )39( 7935 )
	39 ----> 299( -1837 )193( -3940 )170( 5316 )122( -6276 )40( 173 )
	40 ----> 387( 3360 )336( -7189 )322( -5174 )161( 2640 )143( 1350 )81( -5474 )45( -1173 )41( 9596 )
	41 ----> 376( 608 )336( 6677 )286( 1270 )281( 5319 )220( -1776 )186( 8129 )183( -9848 )100( 9346 )66( -4827 )42( -4557 )
	42 ----> 268( 712 )131( 4949 )63( 3020 )43( -4823 )
	43 ----> 482( 8283 )431( 1393 )428( 9924 )415( 7553 )406( -1432 )319( -1878 )258( 5745 )247( 8258 )168( 4635 )154( -9305 )123( 6522 )44( -6198 )
	44 ----> 456( 6604 )422( -1459 )317( 4376 )297( 339 )249( 7757 )231( 4764 )197( -7215 )66( 6927 )45( 8450 )
	45 ----> 496( -5065 )495( 9024 )436( 5789 )403( 9929 )385( 8454 )353( -6425 )304( -9980 )291( -3145 )219( 1607 )202( -8727 )68( -2951 )46( 5533 )
	46 ----> 452( 3501 )382( 3499 )372( 5199 )351( 8878 )342( -2272 )305( -4498 )259( -6561 )214( -8927 )171( -3812 )47( -6059 )
	47 ----> 418( -4973 )103( -1551 )88( 9400 )71( 9490 )58( -3931 )48( 7411 )
	48 ----> 396( 6428 )380( -8760 )372( 823 )309( -2321 )159( -3810 )49( 9102 )
	49 ----> 484( -6785 )459( 2431 )279( -2141 )255( -2211 )251( -2191 )196( 2779 )125( 993 )95( -3905 )50( 914 )
	50 ----> 297( -1225 )228( -4294 )194( 9155 )177( 2525 )65( 4266 )51( 9501 )
	51 ----> 327( -9020 )316( -1958 )223( 6854 )177( 1630 )52( 2704 )
	52 ----> 455( 6943 )443( 8943 )322( 8467 )238( -8566 )185( -8731 )163( -9821 )128( -6427 )53( -140 )
	53 ----> 414( -507 )70( -5040 )54( 1179 )
	54 ----> 367( -863 )298( 8138 )208( 5922 )55( -1572 )
	55 ----> 211( 7740 )188( -944 )138( -184 )111( -3854 )74( -9806 )56( 7095 )
	56 ----> 475( -6542 )244( 7576 )239( 1609 )214( 1623 )141( 3669 )65( 9727 )57( 3613 )
	57 ----> 421( -4680 )365( 7655 )258( -5160 )176( -130 )58( 5888 )
	58 ----> 333( -6694 )59( -4184 )
	59 ----> 445( 3970 )424( 9400 )403( -5780 )343( -4103 )326( 185 )267( 3293 )257( 3130 )158( -9038 )60( 1910 )
	60 ----> 483( -953 )456( 4219 )454( 632 )427( 2681 )337( 302 )281( -2544 )158( 5691 )152( -5617 )151( 5579 )98( 1851 )75( -4458 )61( 4401 )
	61 ----> 429( 2849 )372( 5879 )338( 1664 )88( -8574 )83( -7267 )62( 591 )
	62 ----> 480( 9555 )477( -4003 )365( 8961 )318( 5306 )286( 2939 )270( 5311 )235( -6507 )173( -7617 )83( 6359 )63( -9504 )
	63 ----> 498( -5460 )477( 7451 )364( 1907 )267( -8209 )210( -3653 )152( -1476 )108( 9903 )64( 3116 )
	64 ----> 148( -7784 )68( 5150 )65( -6230 )
	65 ----> 496( 5155 )474( 3282 )470( -7730 )444( 6600 )366( -3340 )340( 4849 )232( -9315 )200( 1627 )128( 3617 )109( -7488 )86( 4268 )66( 1867 )
	66 ----> 108( -8381 )67( 3816 )
	67 ----> 478( 8343 )342( -9488 )317( 2463 )230( -5611 )228( -3447 )122( 842 )105( 8218 )80( -1948 )68( 2402 )
	68 ----> 491( -3209 )485( -4213 )131( 5136 )69( 7667 )
	69 ----> 407( -3295 )308( -3058 )302( -4544 )265( -6541 )156( 9814 )117( 9912 )70( -3532 )
	70 ----> 480( 4684 )398( 4925 )76( 7741 )71( -2985 )
	71 ----> 439( -3117 )429( 1518 )402( 9580 )337( 8723 )266( 845 )170( -9236 )72( -3462 )
	72 ----> 468( 9545 )399( 1870 )322( -4104 )212( -8966 )153( -9242 )73( 7737 )
	73 ----> 494( -2348 )489( -3208 )448( 5790 )380( -9971 )181( -3188 )165( 1423 )121( 784 )74( 8886 )
	74 ----> 433( 3831 )102( -3527 )75( -102 )
	75 ----> 424( 6637 )422( -9088 )227( 3195 )159( 1589 )146( -2873 )76( -3013 )
	76 ----> 467( -8172 )411( -2763 )235( -5966 )226( 504 )216( 929 )102( 5298 )101( -2248 )77( 9948 )
	77 ----> 404( -3515 )368( -2876 )352( -3500 )339( -2060 )233( -3445 )143( 4466 )111( 8021 )78( 8032 )
	78 ----> 466( 2597 )328( 1681 )292( -1847 )206( 4630 )188( 4530 )79( -841 )
	79 ----> 492( -9964 )418( 484 )368( 2668 )278( 3258 )258( 5017 )181( -5362 )164( 2631 )99( 5505 )85( 8242 )80( 7663 )
	80 ----> 440( 6285 )313( -2736 )166( 2315 )151( -162 )81( 8974 )
	81 ----> 409( 9533 )407( 8131 )373( 1288 )143( 6518 )139( -1971 )106( -5778 )82( 5234 )
	82 ----> 469( -9808 )442( 2404 )382( -25 )364( -675 )322( 981 )158( 5544 )111( -3874 )94( -7789 )83( -3366 )
	83 ----> 445( -6696 )340( -8417 )325( 7198 )308( -7277 )285( 1818 )260( -5134 )233( -3328 )203( -8557 )183( 6801 )84( 3926 )
	84 ----> 499( 8931 )443( 55 )246( 2363 )95( -7979 )85( 2583 )
	85 ----> 482( -1971 )363( -7094 )212( 8077 )124( 8625 )86( 3295 )
	86 ----> 250( 2638 )244( 3250 )219( -6473 )213( -7043 )87( -3398 )
	87 ----> 376( -3699 )250( 9825 )226( -9223 )157( 8589 )122( -8824 )88( 1058 )
	88 ----> 477( -6582 )453( -8693 )353( 9832 )326( 9694 )158( 2060 )100( 2465 )89( 2518 )
	89 ----> 451( 3579 )320( 4386 )296( -4929 )247( 5263 )195( 7734 )90( 2141 )
	90 ----> 484( 5215 )316( -4576 )225( -2733 )216( 4668 )165( 1787 )110( -6267 )91( 8894 )
	91 ----> 499( -3787 )489( -1308 )451( 2897 )373( 3480 )269( -6675 )149( 7220 )139( -3658 )92( 7151 )
	92 ----> 493( 2864 )437( 1630 )409( -8102 )386( -1598 )332( -403 )292( -745 )196( -4884 )143( 2041 )141( -7312 )93( -1766 )
	93 ----> 477( 3753 )438( -3043 )399( 1519 )312( 9854 )154( 8264 )94( -8183 )
	94 ----> 447( -8934 )405( 4629 )338( 9500 )174( -6255 )127( -2436 )95( 1773 )
	95 ----> 487( 2890 )483( -3586 )429( 9747 )344( -3188 )327( 914 )309( 7280 )259( 5691 )247( 166 )179( -3930 )174( 6189 )96( -6715 )
	96 ----> 499( 9686 )390( 6294 )204( -2433 )97( -9266 )
	97 ----> 485( -9789 )388( -7687 )339( 1693 )235( -5079 )195( 975 )166( -2437 )147( -6620 )98( 2472 )
	98 ----> 382( 5352 )368( -7792 )366( 9471 )323( -295 )146( -5169 )143( 7044 )139( 9746 )99( 9986 )
	99 ----> 444( -4849 )362( 4890 )239( -6488 )223( -6699 )157( -9 )119( 5223 )100( -4478 )
	100 ----> 405( 281 )365( -8596 )322( -1627 )291( -7435 )244( 13 )241( 1434 )202( -7606 )101( -1456 )
	101 ----> 408( 4550 )173( -3023 )102( 3812 )
	102 ----> 455( 1154 )402( 3423 )398( -8299 )387( -9849 )386( -3881 )191( 7036 )183( -8982 )103( 4658 )
	103 ----> 454( -9992 )352( -8013 )314( 6070 )301( -4044 )272( -7824 )229( 3466 )221( -9998 )162( 291 )109( 5221 )104( 3034 )
	104 ----> 445( -896 )402( -1853 )375( 2320 )370( 3153 )278( 2508 )266( -5909 )229( 809 )223( -7868 )191( -6384 )140( 1441 )105( 6682 )
	105 ----> 486( 3139 )478( -4873 )441( 7684 )391( 5124 )324( 2296 )281( -3347 )106( 4633 )
	106 ----> 459( -7473 )378( -5125 )286( 4375 )233( 9630 )205( 8503 )107( 7981 )
	107 ----> 253( -2706 )172( 644 )108( -2976 )
	108 ----> 477( -4659 )177( 3287 )109( 8849 )
	109 ----> 249( -1368 )221( -6611 )140( 2797 )130( 9999 )110( -5089 )
	110 ----> 132( -8834 )111( -5617 )
	111 ----> 385( 2328 )265( 8151 )205( 781 )202( 6971 )146( -9966 )142( 3534 )112( 9034 )
	112 ----> 496( -5901 )432( 9119 )410( -4292 )394( -1754 )265( 5067 )113( -4112 )
	113 ----> 474( 7808 )373( -5059 )367( -1358 )229( -1969 )157( 16 )114( -9800 )
	114 ----> 415( 6795 )332( 618 )115( -1462 )
	115 ----> 494( -907 )480( 2162 )441( -3067 )364( -5521 )318( -3240 )245( 9838 )129( 3161 )124( 6054 )116( -3454 )
	116 ----> 469( 76 )197( -6213 )145( -9135 )117( 5890 )
	117 ----> 459( 6122 )451( 6425 )337( -2704 )313( -8467 )217( 4024 )118( -9012 )
	118 ----> 457( 7143 )373( 91 )359( 4336 )348( -7076 )257( -3861 )204( 1840 )165( -5992 )145( -2934 )119( 7557 )
	119 ----> 495( 8884 )434( 4597 )412( 7986 )398( -1460 )351( 8260 )247( -1467 )150( 1666 )120( 1231 )
	120 ----> 498( 9699 )495( -4274 )373( -9213 )358( 1023 )296( 3413 )240( 1483 )205( -2886 )128( -2729 )121( 6409 )
	121 ----> 426( -3587 )382( -8779 )194( 1265 )183( 9056 )182( -5624 )122( 491 )
	122 ----> 468( -2361 )416( -2053 )370( 6170 )305( -7289 )259( -7997 )252( 8593 )247( 5422 )132( -788 )123( -5925 )
	123 ----> 304( 8091 )229( -4484 )215( 9313 )167( 4408 )124( -8728 )
	124 ----> 500( -3072 )235( 5613 )157( -8496 )125( -6474 )
	125 ----> 486( -1861 )311( 8870 )248( 3739 )126( 3510 )
	126 ----> 466( -7322 )401( -8102 )393( -6017 )344( 8100 )249( -441 )241( 8324 )191( 7096 )139( -8639 )127( -244 )
	127 ----> 446( 8737 )434( 4078 )425( 224 )406( 1382 )402( 3465 )348( 7978 )315( 1159 )213( 2868 )128( 8413 )
	128 ----> 412( -9322 )403( 8960 )354( -9071 )292( 8681 )244( -2163 )129( 8772 )
	129 ----> 426( 1670 )318( -7647 )289( 165 )276( -2387 )157( 6011 )130( 1584 )
	130 ----> 465( -5821 )436( 2551 )377( -1921 )270( 487 )237( -9047 )231( -6013 )184( 8772 )131( 6869 )
	131 ----> 322( -8494 )204( -8867 )163( 3125 )157( 2660 )132( -7293 )
	132 ----> 491( -2336 )476( -2999 )462( -4599 )397( -349 )372( 7758 )363( -7224 )319( -4119 )295( -4924 )216( -7717 )193( 1400 )153( 59 )133( 5355 )
	133 ----> 490( 3785 )365( -8417 )327( -729 )325( 8827 )191( 1140 )134( -4059 )
	134 ----> 472( 1927 )187( 1752 )135( -3303 )
	135 ----> 500( -1772 )441( -2936 )436( 6307 )220( -9436 )216( -932 )136( -657 )
	136 ----> 331( 2192 )259( -9993 )239( -6675 )210( 2663 )183( 1647 )142( 6535 )137( 2192 )
	137 ----> 491( -7463 )471( 1919 )248( 835 )164( -1564 )163( 2456 )147( -8845 )146( 3355 )138( 2039 )
	138 ----> 431( -8652 )407( 8474 )304( -9806 )269( -9121 )267( -6204 )139( -1128 )
	139 ----> 186( -4568 )157( -874 )152( 3671 )140( 626 )
	140 ----> 397( -1008 )287( -3859 )235( 1573 )155( 8115 )141( -887 )
	141 ----> 484( 6820 )429( -1127 )419( -3743 )169( -2525 )142( -4769 )
	142 ----> 319( 5686 )143( -7750 )
	143 ----> 460( -8069 )144( 5026 )
	144 ----> 256( 6490 )187( 8538 )145( 7151 )
	145 ----> 437( 6956 )370( -572 )310( 8778 )309( -4818 )274( 1112 )236( 8364 )169( 2619 )146( -3960 )
	146 ----> 485( -1430 )461( 7323 )413( 1128 )337( -825 )330( 1615 )238( -9222 )222( 7873 )147( 5902 )
	147 ----> 293( 8878 )156( -8069 )148( -9587 )
	148 ----> 308( -5387 )185( 6802 )160( 835 )149( 27 )
	149 ----> 255( 763 )226( -9402 )197( 9403 )150( 265 )
	150 ----> 460( -4943 )331( -3 )251( 3004 )213( 9424 )151( -5445 )
	151 ----> 276( -2826 )261( -7835 )201( 9017 )185( -6430 )171( 9050 )152( -1850 )
	152 ----> 427( 1339 )414( -10000 )393( 663 )391( 5083 )363( 1994 )250( -2644 )227( -4796 )153( 2907 )
	153 ----> 498( -6845 )469( -7547 )404( 3817 )300( -5928 )281( 3249 )200( 3578 )154( 5564 )
	154 ----> 448( 61 )383( -2597 )344( -1295 )337( 7203 )335( -2600 )303( 1382 )190( -7567 )155( 3872 )
	155 ----> 379( 9750 )338( -4039 )305( -8235 )272( 9893 )209( 944 )156( -823 )
	156 ----> 486( -8359 )370( 76 )322( 8538 )248( 3123 )172( 3969 )157( 7660 )
	157 ----> 354( 6083 )345( 4230 )300( -8234 )158( 8685 )
	158 ----> 386( 9730 )252( -4490 )159( -3164 )
	159 ----> 406( 8444 )397( -7157 )378( 3173 )335( -8205 )160( -7839 )
	160 ----> 247( 3760 )161( 9902 )
	161 ----> 484( 6320 )439( 4256 )377( -9871 )218( 1596 )162( -487 )
	162 ----> 433( -5687 )298( 718 )173( 8856 )163( 8353 )
	163 ----> 400( 7596 )169( -105 )164( -5987 )
	164 ----> 448( 3596 )405( -4926 )247( -2548 )214( 7529 )165( 4948 )
	165 ----> 292( 8625 )248( -7477 )198( -414 )166( 2192 )
	166 ----> 495( 4133 )356( -2006 )285( 4258 )282( 702 )265( -3934 )167( 2283 )
	167 ----> 493( -4072 )488( -9090 )445( 1085 )440( 2182 )379( 6664 )314( -4689 )312( -6573 )248( -976 )201( -2809 )168( 428 )
	168 ----> 421( 3367 )399( -5704 )240( -3640 )197( 5974 )169( 2596 )
	169 ----> 461( 6563 )449( -7246 )425( 951 )394( -4660 )338( -8967 )170( 636 )
	170 ----> 411( -2058 )357( 8702 )320( -7051 )267( 9033 )245( -769 )224( -8631 )218( -7389 )193( 617 )172( 6055 )171( 6480 )
	171 ----> 449( 6235 )421( 7323 )372( -6686 )177( 9792 )172( 1141 )
	172 ----> 322( -5817 )314( 6500 )211( -8557 )173( -9697 )
	173 ----> 456( 8760 )428( -8093 )372( 8600 )213( 2724 )203( 2295 )174( 1467 )
	174 ----> 495( 1955 )492( -694 )291( 5666 )175( -8677 )
	175 ----> 393( -5717 )365( -6619 )339( -7008 )307( -5851 )256( -438 )205( -8284 )200( 8457 )185( 1216 )176( -9786 )
	176 ----> 422( 4779 )289( 3109 )242( -649 )207( 6188 )177( -9636 )
	177 ----> 486( 8223 )445( 2306 )178( -620 )
	178 ----> 468( 134 )448( -2604 )232( 2530 )179( 653 )
	179 ----> 428( -8340 )425( 5093 )288( -4893 )227( -1273 )180( -5463 )
	180 ----> 298( 2504 )181( 6062 )
	181 ----> 488( 1886 )182( 9858 )
	182 ----> 480( 1362 )425( 8577 )377( 7890 )340( 6280 )320( 7394 )270( -1554 )193( -6632 )183( 8655 )
	183 ----> 431( 1276 )415( 6853 )408( 4053 )367( -1432 )237( 6799 )199( -1706 )193( 6227 )184( -1583 )
	184 ----> 479( -3142 )465( 2062 )290( -4607 )210( -3111 )185( 5507 )
	185 ----> 428( -114 )359( -6637 )320( 5947 )213( 7099 )186( -719 )
	186 ----> 298( 3968 )199( 3250 )198( -9486 )187( 9275 )
	187 ----> 486( 6414 )387( -4246 )188( -9471 )
	188 ----> 479( 2577 )420( -243 )398( 7300 )351( 7176 )189( 7296 )
	189 ----> 498( 3052 )488( 8460 )420( 8513 )225( -2315 )190( 3768 )
	190 ----> 256( 3716 )191( -9 )
	191 ----> 476( -7120 )355( 3463 )213( -4766 )192( 7546 )
	192 ----> 435( 1662 )433( -6813 )350( 8272 )339( 3794 )263( -3627 )193( 7645 )
	193 ----> 478( -4892 )474( -2936 )452( -9490 )443( -772 )360( 3623 )248( -4769 )194( 1272 )
	194 ----> 496( -4010 )331( 4260 )308( 9724 )274( 583 )195( 2135 )
	195 ----> 431( -7120 )355( 3065 )350( -212 )346( -9407 )196( -9529 )
	196 ----> 416( 9233 )340( 1123 )334( 9480 )296( -5022 )266( -6390 )263( -4895 )219( 3442 )197( 3904 )
	197 ----> 435( 1743 )412( -564 )380( -885 )250( 2194 )242( 8330 )208( 1046 )198( -6105 )
	198 ----> 459( 8674 )252( -6392 )234( -6093 )200( -7410 )199( -1925 )
	199 ----> 406( -3337 )258( -621 )200( -2491 )
	200 ----> 407( -146 )400( -3876 )349( 171 )272( 1856 )212( -5618 )201( 5606 )
	201 ----> 454( 7876 )324( 4802 )304( 4721 )260( -3438 )202( -8731 )
	202 ----> 286( 8869 )217( -5366 )203( -8100 )
	203 ----> 412( 3675 )406( -9424 )374( -6327 )331( 6905 )253( 6998 )211( -4145 )204( 2830 )
	204 ----> 467( -8510 )459( 9117 )389( 8924 )283( 832 )243( 6298 )231( -6073 )205( -2078 )
	205 ----> 446( -1787 )252( 3285 )206( 6293 )
	206 ----> 432( -8822 )207( 752 )
	207 ----> 385( 4137 )348( 5600 )235( -3264 )214( -3104 )208( 5289 )
	208 ----> 466( -7370 )448( 7275 )385( -1105 )246( 9627 )236( -4332 )232( 4028 )209( -5201 )
	209 ----> 305( 6161 )267( -6273 )243( -3754 )210( 1564 )
	210 ----> 211( 4944 )
	211 ----> 443( -7502 )421( -4794 )230( 3348 )212( -2368 )
	212 ----> 423( 2755 )311( 8251 )286( -9917 )264( -7012 )213( 6432 )
	213 ----> 364( -2205 )348( -1196 )214( -1421 )
	214 ----> 497( -505 )376( 3221 )363( -2848 )305( -3680 )215( -7142 )
	215 ----> 493( -191 )470( -401 )216( 6331 )
	216 ----> 460( 7812 )410( -2461 )393( -534 )239( -3522 )217( 3374 )
	217 ----> 491( -9531 )475( 6329 )292( 6055 )275( 9153 )270( -4519 )218( -2164 )
	218 ----> 244( -8687 )219( 7518 )
	219 ----> 485( -6143 )396( 3953 )290( 3758 )220( -6876 )
	220 ----> 399( -5050 )353( 789 )319( -5456 )269( 2763 )250( -135 )221( 8576 )
	221 ----> 479( -3444 )312( -3212 )304( 4355 )246( 5281 )222( -7797 )
	222 ----> 488( 7164 )473( 4443 )446( 8140 )423( -1460 )407( 1917 )380( -3720 )370( 9853 )346( 8628 )338( 1753 )292( 3415 )223( -4499 )
	223 ----> 473( 6710 )407( 1829 )358( 2512 )305( -826 )243( 5533 )236( 8651 )224( -1751 )
	224 ----> 482( 2769 )225( 5777 )
	225 ----> 485( -3447 )315( -9440 )283( -4027 )226( -3832 )
	226 ----> 495( -2439 )492( 9193 )459( 2031 )446( 6681 )390( 7503 )302( 8024 )263( 4293 )258( -9022 )227( -5058 )
	227 ----> 477( 1183 )473( -573 )357( 9224 )229( 7428 )228( 8187 )
	228 ----> 472( 1465 )397( -7927 )386( -9013 )234( 4008 )229( 6101 )
	229 ----> 449( 5955 )368( -3874 )356( -7955 )239( -1880 )230( 9131 )
	230 ----> 499( -2295 )424( -3571 )341( -9152 )315( -9532 )311( 4350 )276( -5718 )231( 7884 )
	231 ----> 482( -1069 )480( -3834 )440( -5095 )412( -5595 )276( 582 )232( 5904 )
	232 ----> 374( -1096 )331( -1972 )313( 8251 )312( -6425 )233( -5000 )
	233 ----> 455( -1766 )277( -7785 )263( -8107 )234( -8309 )
	234 ----> 400( 3627 )377( -1774 )369( 6746 )296( 9612 )266( 5292 )235( -5961 )
	235 ----> 413( -8868 )336( 5364 )298( -449 )236( -4598 )
	236 ----> 477( 4382 )469( 1319 )421( -6331 )274( 9390 )237( 3563 )
	237 ----> 459( 1672 )409( -2603 )385( 7935 )341( 190 )268( -6651 )238( -1734 )
	238 ----> 409( 8221 )377( 2927 )369( -5942 )275( -7472 )271( -3836 )263( 8954 )239( -9874 )
	239 ----> 452( 5937 )421( -4822 )391( -9266 )240( 6294 )
	240 ----> 399( -2622 )339( 3282 )322( -3338 )241( -2489 )
	241 ----> 444( -6059 )409( 7745 )302( -2907 )242( -8966 )
	242 ----> 368( 1164 )339( 2001 )289( -955 )243( 6243 )
	243 ----> 487( 6043 )470( 1449 )463( -5135 )460( -7045 )244( -3343 )
	244 ----> 500( -4182 )448( 718 )398( 7976 )374( -1285 )265( 1566 )245( -9103 )
	245 ----> 484( 7330 )436( 4045 )260( 8850 )246( 1757 )
	246 ----> 486( 8603 )438( -3820 )336( -6729 )265( -3434 )247( 792 )
	247 ----> 382( -1009 )343( 3748 )248( 9403 )
	248 ----> 482( -6116 )478( 3078 )468( -1092 )450( -4786 )292( 7907 )249( -3384 )
	249 ----> 480( 9963 )459( 238 )458( -6860 )438( 1582 )411( 7358 )325( -5814 )313( 3515 )250( 5555 )
	250 ----> 489( 7450 )462( -5069 )446( 3422 )251( 6155 )
	251 ----> 453( 2129 )449( -7320 )257( 1209 )252( 7781 )
	252 ----> 414( 6273 )314( 1118 )287( -397 )253( -2456 )
	253 ----> 436( -5911 )402( 2856 )306( -952 )263( 5128 )254( 7775 )
	254 ----> 490( -340 )322( -1109 )280( -8438 )255( -8096 )
	255 ----> 495( 2356 )440( -8229 )298( -6885 )272( 2320 )256( 4382 )
	256 ----> 438( -794 )375( 6639 )345( -5305 )290( -4019 )257( -1 )
	257 ----> 448( -9484 )393( -3212 )353( 7433 )339( 4157 )320( -2710 )274( 730 )258( 1925 )
	258 ----> 474( -4979 )340( -7890 )314( -2667 )278( -3756 )259( -7340 )
	259 ----> 443( 755 )420( 2164 )385( 8469 )330( -782 )317( -4276 )285( 3037 )260( 4493 )
	260 ----> 496( -5938 )479( -7629 )415( 4024 )365( -4664 )267( -9134 )261( -1791 )
	261 ----> 262( 9304 )
	262 ----> 388( -855 )263( -2202 )
	263 ----> 484( 9396 )447( 6606 )264( 1858 )
	264 ----> 493( 6685 )451( 3117 )371( -6151 )351( -5652 )270( -3693 )265( -8596 )
	265 ----> 496( 3908 )424( -165 )266( -4101 )
	266 ----> 441( 6677 )411( -6081 )372( 6772 )267( -2373 )
	267 ----> 464( -7760 )408( -7695 )352( -2063 )350( -1054 )317( 4793 )268( -8907 )
	268 ----> 487( 2888 )450( 6463 )412( -1794 )338( 8235 )298( 8735 )277( 1239 )269( -4668 )
	269 ----> 477( 9993 )270( -1966 )
	270 ----> 483( 8353 )325( -6345 )311( -14 )271( -202 )
	271 ----> 439( -5855 )290( 9280 )272( -4915 )
	272 ----> 496( -7845 )482( -3664 )273( 5789 )
	273 ----> 478( -1777 )314( 4107 )291( 5124 )278( 9765 )274( -7658 )
	274 ----> 468( 6070 )344( 6229 )339( -2127 )337( -3927 )299( 3577 )275( -4649 )
	275 ----> 425( 9139 )418( 7429 )394( 8581 )349( 3353 )276( -2753 )
	276 ----> 476( -9556 )450( 5965 )432( -7970 )431( 6269 )347( 7978 )277( 101 )
	277 ----> 462( -1412 )453( -5936 )326( -2266 )298( -1464 )279( 5868 )278( -6763 )
	278 ----> 344( 8058 )321( 7572 )279( 3542 )
	279 ----> 442( -1719 )351( -3464 )280( -9809 )
	280 ----> 409( -292 )378( 544 )281( 4856 )
	281 ----> 291( -7273 )282( -8850 )
	282 ----> 349( -9869 )312( 375 )283( -9803 )
	283 ----> 469( -9907 )468( 6833 )398( -7542 )318( 9299 )294( -6687 )284( 7959 )
	284 ----> 385( 9302 )354( -9097 )318( 7298 )285( 7229 )
	285 ----> 473( 5517 )366( -9502 )286( 6301 )
	286 ----> 500( -6235 )428( 7164 )426( 2255 )414( 5381 )379( 9500 )360( -5149 )287( -9632 )
	287 ----> 498( -1815 )459( 2745 )378( -4225 )288( -9903 )
	288 ----> 372( 6372 )289( -5683 )
	289 ----> 439( 1304 )383( 7223 )297( -5802 )290( 4849 )
	290 ----> 467( -4613 )465( 2827 )412( 7623 )322( 593 )291( -1292 )
	291 ----> 437( -8494 )420( 4993 )343( 4818 )292( -730 )
	292 ----> 463( -5174 )412( 2192 )293( -1806 )
	293 ----> 343( -8657 )294( 2480 )
	294 ----> 449( -7189 )428( 924 )346( -2660 )327( 5312 )295( 7872 )
	295 ----> 498( 537 )437( 7082 )426( -105 )337( -3608 )296( -4634 )
	296 ----> 491( -7492 )459( 3449 )454( 3345 )297( 3695 )
	297 ----> 498( 5345 )493( 6739 )382( 8458 )298( 7216 )
	298 ----> 494( -4071 )441( -5427 )418( -9505 )405( 7802 )367( 5118 )361( 6214 )299( 7174 )
	299 ----> 479( -5738 )412( -6638 )300( -424 )
	300 ----> 495( -8315 )344( -8409 )301( -157 )
	301 ----> 499( -7760 )407( -1315 )384( 6586 )302( 5299 )
	302 ----> 360( -3943 )303( -3618 )
	303 ----> 304( 2745 )
	304 ----> 384( 4189 )305( 2356 )
	305 ----> 418( -3646 )355( -4403 )322( -5192 )315( 5953 )312( 7707 )306( 9341 )
	306 ----> 307( 6215 )
	307 ----> 362( -4051 )354( -7654 )340( -8967 )314( 4842 )308( 997 )
	308 ----> 496( -4559 )409( 7497 )389( -8415 )309( 6059 )
	309 ----> 456( 5089 )346( -9056 )310( -2124 )
	310 ----> 454( -1644 )431( -7614 )341( -9066 )315( -8266 )311( -8711 )
	311 ----> 312( -3721 )
	312 ----> 474( -8920 )363( 3816 )313( -5356 )
	313 ----> 498( -3278 )495( 2173 )487( -320 )475( -902 )470( -9447 )374( 1879 )314( 6085 )
	314 ----> 500( 4895 )496( 1787 )477( -6120 )455( -9700 )373( 8505 )315( 3445 )
	315 ----> 477( -2638 )411( 4342 )366( -6131 )365( 7391 )316( 7783 )
	316 ----> 476( -6467 )462( 3135 )317( -7213 )
	317 ----> 479( 9303 )453( -9333 )427( 6162 )318( 1999 )
	318 ----> 486( -3055 )319( -5649 )
	319 ----> 376( 585 )320( 5770 )
	320 ----> 464( 9850 )375( 6582 )357( -4449 )330( -1721 )321( -1747 )
	321 ----> 416( -8708 )357( -7452 )322( -2500 )
	322 ----> 401( -3823 )377( -382 )323( 5951 )
	323 ----> 476( 327 )398( -9158 )332( 7997 )324( -6212 )
	324 ----> 393( -3743 )325( -3338 )
	325 ----> 480( -3105 )471( 2162 )437( -2082 )420( -4767 )326( -810 )
	326 ----> 404( 9588 )327( 2013 )
	327 ----> 453( -8709 )424( -1046 )328( 3270 )
	328 ----> 464( 977 )329( 3052 )
	329 ----> 498( -9021 )407( -5566 )330( -9595 )
	330 ----> 473( 7879 )463( -195 )344( 5534 )331( 2329 )
	331 ----> 332( 2798 )
	332 ----> 486( 9142 )352( -7936 )333( 5123 )
	333 ----> 482( 6547 )481( -3148 )451( -5301 )450( 77 )366( -3372 )334( 6680 )
	334 ----> 491( -1241 )484( 6071 )480( 1301 )411( -5706 )335( -675 )
	335 ----> 442( -4979 )336( -1738 )
	336 ----> 461( -8129 )399( -2245 )339( 5558 )337( 9560 )
	337 ----> 383( -6903 )338( -2733 )
	338 ----> 382( -8645 )377( 7453 )360( 6010 )339( -9443 )
	339 ----> 404( 9746 )395( 5299 )369( 2718 )340( 5217 )
	340 ----> 484( -1929 )407( 2399 )386( 6167 )350( 8615 )341( -3316 )
	341 ----> 458( -6180 )420( 5265 )343( -5565 )342( 3352 )
	342 ----> 489( 1939 )346( 8831 )343( 5124 )
	343 ----> 488( -6842 )452( -536 )424( 2842 )397( -7570 )378( 4970 )344( 4775 )
	344 ----> 453( -8302 )356( -7281 )345( 6317 )
	345 ----> 425( -5731 )346( 9720 )
	346 ----> 454( -3527 )347( 9802 )
	347 ----> 468( -4049 )466( 3771 )418( -2386 )392( 5563 )348( 536 )
	348 ----> 486( -2415 )397( 6497 )349( -6018 )
	349 ----> 398( 3335 )352( -613 )350( 510 )
	350 ----> 482( -2291 )465( 9140 )434( 7699 )378( 6543 )351( -4579 )
	351 ----> 471( 409 )426( 3612 )409( -1048 )352( -4412 )
	352 ----> 353( 9106 )
	353 ----> 500( 8370 )453( -1087 )436( -5275 )419( -735 )412( 9296 )395( 9151 )354( -3551 )
	354 ----> 410( 1672 )386( -846 )359( -4117 )355( 6334 )
	355 ----> 497( -895 )420( -8857 )406( -1579 )356( 2435 )
	356 ----> 466( -8140 )357( 2271 )
	357 ----> 450( 1350 )404( -2310 )358( 3410 )
	358 ----> 436( 8427 )395( -6761 )386( 3609 )382( 3911 )359( -4330 )
	359 ----> 495( 1554 )360( 5567 )
	360 ----> 489( -9515 )459( -6735 )361( -5118 )
	361 ----> 499( 8199 )488( -2367 )437( -1746 )377( 4408 )362( -2471 )
	362 ----> 427( 4182 )422( 9597 )363( -5503 )
	363 ----> 364( 1476 )
	364 ----> 415( 6754 )375( 7988 )365( 7608 )
	365 ----> 481( -3070 )426( -6930 )366( -9219 )
	366 ----> 454( -9405 )432( -9909 )382( -6765 )367( -5581 )
	367 ----> 412( 3542 )380( -5349 )368( 9122 )
	368 ----> 493( 2282 )474( -7991 )470( -334 )465( 6223 )421( 1195 )411( -1355 )380( 6629 )369( -8888 )
	369 ----> 450( -2512 )376( 3704 )370( -1096 )
	370 ----> 420( -9950 )371( 2687 )
	371 ----> 448( -200 )432( -6670 )398( -9477 )372( -43 )
	372 ----> 387( 6424 )373( 170 )
	373 ----> 470( -8502 )380( -3592 )374( -5983 )
	374 ----> 375( -7986 )
	375 ----> 492( -6444 )453( -2933 )393( 9105 )376( -1601 )
	376 ----> 470( -4493 )427( -7114 )377( -2445 )
	377 ----> 434( 9582 )378( -592 )
	378 ----> 465( 3894 )379( -2951 )
	379 ----> 491( 9760 )398( 8878 )380( 7291 )
	380 ----> 439( -1859 )381( -5578 )
	381 ----> 484( -1667 )407( 9593 )382( 4514 )
	382 ----> 499( 4725 )405( 6975 )383( -5091 )
	383 ----> 466( 7807 )384( 6887 )
	384 ----> 485( -3665 )480( 5442 )442( -9312 )385( -3021 )
	385 ----> 422( 2303 )410( -2643 )386( -4429 )
	386 ----> 438( 6767 )387( 4775 )
	387 ----> 388( 5259 )
	388 ----> 481( 3277 )389( 1623 )
	389 ----> 411( -7853 )390( 6391 )
	390 ----> 479( 9257 )463( 7696 )417( 3903 )391( -2466 )
	391 ----> 392( 8465 )
	392 ----> 493( 759 )465( 3120 )393( -8912 )
	393 ----> 394( 145 )
	394 ----> 494( 7679 )398( 6573 )395( 7996 )
	395 ----> 495( -2332 )479( 1669 )396( 8163 )
	396 ----> 459( 6338 )397( -1734 )
	397 ----> 398( 1603 )
	398 ----> 481( -9932 )476( -8221 )450( -9491 )399( -8532 )
	399 ----> 445( 6302 )424( -4886 )400( 9988 )
	400 ----> 433( -6294 )401( 9402 )
	401 ----> 480( -8775 )464( 9064 )412( -662 )402( 2130 )
	402 ----> 469( -1306 )403( -2763 )
	403 ----> 498( 1210 )404( 5488 )
	404 ----> 405( 6613 )
	405 ----> 406( -1525 )
	406 ----> 420( -2125 )407( -4215 )
	407 ----> 488( 7000 )408( 3378 )
	408 ----> 409( 39 )
	409 ----> 410( 8375 )
	410 ----> 493( -7145 )478( -1565 )467( -1424 )459( -1638 )411( -579 )
	411 ----> 445( 1797 )412( 2647 )
	412 ----> 413( 1827 )
	413 ----> 414( 7295 )
	414 ----> 415( -2987 )
	415 ----> 416( 4052 )
	416 ----> 417( -5636 )
	417 ----> 418( 9647 )
	418 ----> 419( -1587 )
	419 ----> 420( 3067 )
	420 ----> 492( -1060 )464( -3068 )421( 8234 )
	421 ----> 435( -8158 )422( -7189 )
	422 ----> 469( -8414 )423( -4343 )
	423 ----> 493( 1392 )440( -2764 )424( 8612 )
	424 ----> 472( 6518 )425( 941 )
	425 ----> 498( -57 )426( -8875 )
	426 ----> 427( 5422 )
	427 ----> 451( 4970 )428( -4103 )
	428 ----> 487( 896 )433( -4289 )429( -760 )
	429 ----> 453( 4573 )430( 5251 )
	430 ----> 443( -3248 )431( -7532 )
	431 ----> 432( 6416 )
	432 ----> 433( 7244 )
	433 ----> 499( 7927 )494( 9608 )482( -5668 )434( -8966 )
	434 ----> 488( -447 )435( -880 )
	435 ----> 436( -7818 )
	436 ----> 437( 9097 )
	437 ----> 438( -2279 )
	438 ----> 479( 3219 )439( 7262 )
	439 ----> 440( -7217 )
	440 ----> 441( -3548 )
	441 ----> 466( -2111 )442( -9851 )
	442 ----> 488( -4811 )454( -7877 )443( -7558 )
	443 ----> 444( -8151 )
	444 ----> 445( -3461 )
	445 ----> 483( -1801 )446( -9813 )
	446 ----> 447( -1603 )
	447 ----> 448( -9184 )
	448 ----> 449( 8981 )
	449 ----> 450( 3537 )
	450 ----> 451( 8574 )
	451 ----> 452( 452 )
	452 ----> 497( -8325 )489( -1217 )462( 8016 )453( -4855 )
	453 ----> 454( -6950 )
	454 ----> 498( -4686 )489( -9298 )455( 8161 )
	455 ----> 456( 2231 )
	456 ----> 474( 1691 )457( 9580 )
	457 ----> 500( 2717 )458( -3644 )
	458 ----> 459( -9068 )
	459 ----> 478( 2393 )460( -5603 )
	460 ----> 499( 9321 )492( -5705 )461( -1208 )
	461 ----> 462( -9989 )
	462 ----> 471( -2894 )463( 9734 )
	463 ----> 477( 1205 )473( -5410 )464( 8650 )
	464 ----> 475( -9291 )468( -2595 )465( 1534 )
	465 ----> 466( 8194 )
	466 ----> 467( 4613 )
	467 ----> 473( 9837 )468( 1867 )
	468 ----> 469( -3667 )
	469 ----> 470( -8102 )
	470 ----> 471( -875 )
	471 ----> 472( -5564 )
	472 ----> 473( -9211 )
	473 ----> 500( 1052 )474( 4696 )
	474 ----> 491( 7245 )475( -7052 )
	475 ----> 476( -37 )
	476 ----> 477( -399 )
	477 ----> 478( 2587 )
	478 ----> 480( -4790 )479( 7567 )
	479 ----> 480( 1924 )
	480 ----> 481( 129 )
	481 ----> 482( 5965 )
	482 ----> 483( -9453 )
	483 ----> 484( 8124 )
	484 ----> 485( -1698 )
	485 ----> 486( -813 )
	486 ----> 487( 1576 )
	487 ----> 488( 4881 )
	488 ----> 489( 7498 )
	489 ----> 490( -9312 )
	490 ----> 491( 7282 )
	491 ----> 492( 2219 )
	492 ----> 493( -4854 )
	493 ----> 494( -421 )
	494 ----> 495( 2927 )
	495 ----> 496( 327 )
	496 ----> 500( -1519 )497( 4963 )
	497 ----> 498( -5404 )
	498 ----> 499( -6861 )
	499 ----> 500( 8293 )
	500 ----> 
